Time,Combustion Chamber Pressure,Injector Needle Lift,1.1
(ms),(psi),(in)
0.000,219.1,0.0000
0.020,219.1,0.0000
0.040,219.1,0.0000
0.060,219.1,0.0000
0.080,219.1,0.0000
0.100,219.1,0.0000
0.120,219.1,0.0000
0.140,219.1,0.0000
0.160,219.1,0.0000
0.180,219.1,0.0000
0.200,219.1,0.0000
0.220,219.1,0.0000
0.240,219.1,0.0000
0.260,219.1,0.0000
0.280,219.1,0.0000
0.300,219.1,0.0000
0.320,219.1,0.0000
0.340,219.1,0.0000
0.360,219.1,0.0000
0.380,219.1,0.0000
0.400,219.1,0.0000
0.420,219.1,0.0000
0.440,219.1,0.0000
0.460,219.1,0.0000
0.480,219.1,0.0000
0.500,219.1,0.0000
0.520,219.1,0.0000
0.540,219.1,0.0000
0.560,219.1,0.0000
0.580,219.1,0.0000
0.600,219.1,0.0000
0.620,219.1,0.0000
0.640,219.1,0.0000
0.660,219.1,0.0000
0.680,219.1,0.0000
0.700,219.1,0.0000
0.720,219.1,0.0000
0.740,219.1,0.0000
0.760,219.1,0.0000
0.780,219.1,0.0000
0.800,219.1,0.0000
0.820,219.1,0.0000
0.840,219.1,0.0000
0.860,219.1,0.0000
0.880,219.1,0.0000
0.900,219.1,0.0000
0.920,219.1,0.0000
0.940,219.1,0.0000
0.960,219.1,0.0000
0.980,219.1,0.0000
1.000,219.1,0.0000
1.020,219.1,0.0000
1.040,219.1,0.0000
1.060,219.1,0.0000
1.080,219.1,0.0000
1.100,219.1,0.0000
1.120,219.1,0.0000
1.140,219.1,0.0000
1.160,219.1,0.0000
1.180,219.1,0.0000
1.200,219.1,0.0000
1.220,219.1,0.0000
1.240,219.1,0.0000
1.260,219.1,0.0000
1.280,219.1,0.0000
1.300,219.1,0.0000
1.320,219.1,0.0000
1.340,219.1,0.0000
1.360,219.1,0.0000
1.380,219.1,0.0000
1.400,219.1,0.0000
1.420,219.1,0.0000
1.440,219.1,0.0000
1.460,219.1,0.0000
1.480,219.1,0.0000
1.500,219.1,0.0000
1.520,219.1,0.0000
1.540,219.1,0.0000
1.560,219.1,0.0000
1.580,219.1,0.0000
1.600,219.1,0.0000
1.620,219.1,0.0000
1.640,219.1,0.0000
1.660,219.1,0.0000
1.680,219.1,0.0000
1.700,219.1,0.0000
1.720,219.1,0.0000
1.740,219.1,0.0000
1.760,219.1,0.0000
1.780,219.1,0.0000
1.800,219.1,0.0001
1.820,219.1,0.0000
1.840,219.1,0.0000
1.860,219.1,0.0000
1.880,219.1,0.0001
1.900,219.1,0.0002
1.920,219.1,0.0002
1.940,219.1,0.0004
1.960,219.1,0.0008
1.980,219.1,0.0014
2.000,219.1,0.0022
2.020,219.1,0.0032
2.040,219.1,0.0046
2.060,219.1,0.0062
2.080,219.1,0.0080
2.100,219.1,0.0101
2.120,219.1,0.0124
2.140,218.1,0.0151
2.160,218.1,0.0179
2.180,218.1,0.0209
2.200,218.1,0.0239
2.220,218.1,0.0267
2.240,218.1,0.0272
2.260,218.1,0.0273
2.280,218.1,0.0274
2.300,217.1,0.0273
2.320,220.1,0.0272
2.340,214.2,0.0270
2.360,220.1,0.0259
2.380,215.2,0.0239
2.400,220.1,0.0226
2.420,217.1,0.0216
2.440,218.1,0.0204
2.460,216.1,0.0199
2.480,219.1,0.0199
2.500,219.1,0.0198
2.520,215.2,0.0202
2.540,220.1,0.0207
2.560,209.3,0.0210
2.580,221.0,0.0218
2.600,214.2,0.0222
2.620,219.1,0.0227
2.640,216.1,0.0234
2.660,215.2,0.0237
2.680,217.1,0.0238
2.700,214.2,0.0241
2.720,218.1,0.0239
2.740,214.2,0.0235
2.760,214.2,0.0232
2.780,216.1,0.0227
2.800,212.2,0.0221
2.820,220.1,0.0214
2.840,212.2,0.0206
2.860,218.1,0.0197
2.880,210.3,0.0190
2.900,215.2,0.0183
2.920,214.2,0.0177
2.940,215.2,0.0176
2.960,216.1,0.0175
2.980,214.2,0.0178
3.000,217.1,0.0185
3.020,213.2,0.0194
3.040,216.1,0.0206
3.060,213.2,0.0220
3.080,216.1,0.0235
3.100,214.2,0.0251
3.120,214.2,0.0266
3.140,213.2,0.0269
3.160,215.2,0.0269
3.180,213.2,0.0265
3.200,216.1,0.0251
3.220,214.2,0.0237
3.240,215.2,0.0227
3.260,211.3,0.0212
3.280,215.2,0.0195
3.300,213.2,0.0180
3.320,217.1,0.0164
3.340,216.1,0.0147
3.360,214.2,0.0133
3.380,219.1,0.0119
3.400,215.2,0.0108
3.420,221.0,0.0100
3.440,217.1,0.0093
3.460,220.1,0.0089
3.480,218.1,0.0086
3.500,220.1,0.0083
3.520,219.1,0.0083
3.540,222.0,0.0084
3.560,218.1,0.0086
3.580,223.0,0.0092
3.600,218.1,0.0098
3.620,226.9,0.0108
3.640,217.1,0.0119
3.660,224.0,0.0128
3.680,218.1,0.0137
3.700,224.0,0.0146
3.720,222.0,0.0150
3.740,222.0,0.0154
3.760,221.0,0.0155
3.780,220.1,0.0153
3.800,219.1,0.0150
3.820,217.1,0.0143
3.840,218.1,0.0135
3.860,215.2,0.0125
3.880,214.2,0.0114
3.900,213.2,0.0100
3.920,212.2,0.0086
3.940,212.2,0.0070
3.960,211.3,0.0053
3.980,209.3,0.0038
4.000,213.2,0.0022
4.020,209.3,0.0007
4.040,214.2,-0.0007
4.060,213.2,-0.0018
4.080,215.2,-0.0019
4.100,215.2,-0.0009
4.120,216.1,0.0002
4.140,217.1,0.0012
4.160,219.1,0.0022
4.180,215.2,0.0032
4.200,220.1,0.0041
4.220,214.2,0.0051
4.240,223.0,0.0061
4.260,216.1,0.0070
4.280,220.1,0.0080
4.300,215.2,0.0087
4.320,215.2,0.0093
4.340,216.1,0.0097
4.360,214.2,0.0099
4.380,215.2,0.0099
4.400,209.3,0.0099
4.420,211.3,0.0099
4.440,206.4,0.0099
4.460,210.3,0.0097
4.480,206.4,0.0095
4.500,206.4,0.0093
4.520,205.4,0.0090
4.540,202.5,0.0087
4.560,202.5,0.0085
4.580,203.5,0.0084
4.600,202.5,0.0083
4.620,204.4,0.0083
4.640,201.5,0.0085
4.660,206.4,0.0087
4.680,203.5,0.0088
4.700,209.3,0.0090
4.720,205.4,0.0089
4.740,208.3,0.0088
4.760,207.4,0.0084
4.780,209.3,0.0080
4.800,212.2,0.0074
4.820,210.3,0.0067
4.840,214.2,0.0059
4.860,211.3,0.0050
4.880,214.2,0.0040
4.900,212.2,0.0030
4.920,214.2,0.0020
4.940,211.3,0.0010
4.960,210.3,0.0000
4.980,209.3,-0.0007
5.000,210.3,-0.0007
5.020,208.3,-0.0001
5.040,209.3,0.0006
5.060,203.5,0.0012
5.080,207.4,0.0018
5.100,201.5,0.0023
5.120,206.4,0.0028
5.140,200.5,0.0032
5.160,204.4,0.0037
5.180,198.6,0.0042
5.200,200.5,0.0047
5.220,200.5,0.0052
5.240,200.5,0.0056
5.260,203.5,0.0060
5.280,200.5,0.0063
5.300,204.4,0.0065
5.320,202.5,0.0065
5.340,204.4,0.0064
5.360,204.4,0.0063
5.380,205.4,0.0059
5.400,206.4,0.0055
5.420,209.3,0.0051
5.440,209.3,0.0045
5.460,210.3,0.0040
5.480,209.3,0.0034
5.500,211.3,0.0027
5.520,210.3,0.0020
5.540,213.2,0.0013
5.560,210.3,0.0005
5.580,212.2,-0.0001
5.600,208.3,-0.0005
5.620,209.3,-0.0005
5.640,208.3,-0.0001
5.660,207.4,0.0002
5.680,206.4,0.0003
5.700,204.4,0.0003
5.720,202.5,0.0003
5.740,201.5,0.0002
5.760,200.5,0.0001
5.780,201.5,0.0001
5.800,199.5,0.0001
5.820,199.5,0.0001
5.840,198.6,0.0001
5.860,199.5,0.0001
5.880,201.5,0.0001
5.900,200.5,0.0001
5.920,202.5,-0.0001
5.940,200.5,-0.0003
5.960,204.4,-0.0005
5.980,204.4,-0.0008
6.000,206.4,-0.0007
6.020,207.4,-0.0005
6.040,207.4,-0.0003
6.060,208.3,-0.0002
6.080,209.3,-0.0003
6.100,209.3,-0.0004
6.120,209.3,-0.0004
6.140,208.3,-0.0004
6.160,209.3,-0.0002
6.180,209.3,-0.0001
6.200,211.3,0.0000
6.220,208.3,0.0002
6.240,209.3,0.0002
6.260,205.4,0.0001
6.280,206.4,0.0000
6.300,204.4,-0.0002
6.320,203.5,-0.0003
6.340,203.5,-0.0005
6.360,200.5,-0.0006
6.380,201.5,-0.0006
6.400,199.5,-0.0005
6.420,199.5,-0.0003
6.440,199.5,-0.0002
6.460,198.6,0.0000
6.480,200.5,0.0002
6.500,198.6,0.0003
6.520,199.5,0.0006
6.540,199.5,0.0009
6.560,199.5,0.0011
6.580,203.5,0.0014
6.600,202.5,0.0015
6.620,206.4,0.0016
6.640,205.4,0.0015
6.660,208.3,0.0015
6.680,206.4,0.0014
6.700,208.3,0.0012
6.720,208.3,0.0010
6.740,210.3,0.0008
6.760,209.3,0.0005
6.780,208.3,0.0001
6.800,209.3,-0.0003
6.820,209.3,-0.0006
6.840,208.3,-0.0004
6.860,208.3,-0.0001
6.880,206.4,0.0002
6.900,204.4,0.0003
6.920,204.4,0.0003
6.940,201.5,0.0002
6.960,203.5,0.0000
6.980,199.5,-0.0003
7.000,202.5,-0.0006
7.020,198.6,-0.0006
7.040,200.5,-0.0006
7.060,198.6,-0.0004
7.080,200.5,-0.0002
7.100,198.6,-0.0001
7.120,198.6,0.0000
7.140,201.5,-0.0001
7.160,199.5,-0.0001
7.180,202.5,-0.0001
7.200,201.5,0.0000
7.220,204.4,0.0000
7.240,203.5,0.0000
7.260,206.4,-0.0002
7.280,207.4,-0.0005
7.300,206.4,-0.0008
7.320,207.4,-0.0009
7.340,207.4,-0.0008
7.360,209.3,-0.0006
7.380,209.3,-0.0003
7.400,210.3,-0.0001
7.420,209.3,0.0000
7.440,208.3,0.0001
7.460,206.4,0.0000
7.480,207.4,0.0000
7.500,204.4,0.0000
7.520,206.4,-0.0002
7.540,203.5,-0.0005
7.560,202.5,-0.0008
7.580,201.5,-0.0008
7.600,200.5,-0.0007
7.620,200.5,-0.0005
7.640,198.6,-0.0005
7.660,200.5,-0.0005
7.680,197.6,-0.0005
7.700,199.5,-0.0006
7.720,197.6,-0.0006
7.740,200.5,-0.0006
7.760,199.5,-0.0004
7.780,201.5,-0.0004
7.800,202.5,-0.0005
7.820,203.5,-0.0005
7.840,205.4,-0.0006
7.860,204.4,-0.0006
7.880,206.4,-0.0006
7.900,206.4,-0.0006
7.920,207.4,-0.0006
7.940,207.4,-0.0007
7.960,209.3,-0.0008
7.980,208.3,-0.0009
8.000,208.3,-0.0008
8.020,208.3,-0.0007
8.040,208.3,-0.0006
8.060,208.3,-0.0005
8.080,206.4,-0.0004
8.100,206.4,-0.0003
8.120,203.5,-0.0003
8.140,204.4,-0.0003
8.160,203.5,-0.0003
8.180,203.5,-0.0003
8.200,202.5,-0.0004
8.220,201.5,-0.0005
8.240,199.5,-0.0006
8.260,199.5,-0.0006
8.280,198.6,-0.0005
8.300,198.6,-0.0005
8.320,199.5,-0.0004
8.340,199.5,-0.0004
8.360,199.5,-0.0004
8.380,199.5,-0.0003
8.400,200.5,-0.0002
8.420,201.5,-0.0002
8.440,203.5,-0.0002
8.460,204.4,-0.0003
8.480,204.4,-0.0004
8.500,205.4,-0.0005
8.520,206.4,-0.0004
8.540,206.4,-0.0003
8.560,208.3,-0.0003
8.580,209.3,-0.0004
8.600,209.3,-0.0004
8.620,209.3,-0.0004
8.640,208.3,-0.0004
8.660,207.4,-0.0004
8.680,207.4,-0.0004
8.700,207.4,-0.0004
8.720,206.4,-0.0004
8.740,205.4,-0.0003
8.760,203.5,-0.0002
8.780,202.5,-0.0001
8.800,201.5,-0.0001
8.820,200.5,-0.0001
8.840,200.5,-0.0001
8.860,199.5,-0.0002
8.880,199.5,-0.0002
8.900,198.6,-0.0004
8.920,199.5,-0.0005
8.940,199.5,-0.0006
8.960,199.5,-0.0006
8.980,200.5,-0.0004
9.000,201.5,-0.0003
9.020,202.5,-0.0002
9.040,202.5,-0.0001
9.060,202.5,-0.0001
9.080,203.5,-0.0002
9.100,204.4,-0.0002
9.120,206.4,-0.0003
9.140,207.4,-0.0003
9.160,207.4,-0.0004
9.180,207.4,-0.0004
9.200,208.3,-0.0005
9.220,208.3,-0.0005
9.240,209.3,-0.0005
9.260,207.4,-0.0005
9.280,207.4,-0.0006
9.300,206.4,-0.0005
9.320,206.4,-0.0005
9.340,206.4,-0.0005
9.360,205.4,-0.0005
9.380,205.4,-0.0005
9.400,202.5,-0.0005
9.420,201.5,-0.0004
9.440,200.5,-0.0004
9.460,199.5,-0.0004
9.480,199.5,-0.0004
9.500,199.5,-0.0005
9.520,199.5,-0.0005
9.540,199.5,-0.0005
9.560,199.5,-0.0006
9.580,199.5,-0.0007
9.600,199.5,-0.0008
9.620,201.5,-0.0008
9.640,202.5,-0.0007
9.660,203.5,-0.0006
9.680,203.5,-0.0005
9.700,204.4,-0.0004
9.720,206.4,-0.0004
9.740,206.4,-0.0004
9.760,208.3,-0.0005
9.780,208.3,-0.0005
9.800,209.3,-0.0005
9.820,208.3,-0.0006
9.840,207.4,-0.0007
9.860,208.3,-0.0007
9.880,207.4,-0.0008
9.900,207.4,-0.0008
9.920,206.4,-0.0008
9.940,205.4,-0.0007
9.960,205.4,-0.0006
9.980,203.5,-0.0006
10.000,203.5,-0.0005
10.020,201.5,-0.0005
10.040,202.5,-0.0005
10.060,200.5,-0.0005
10.080,200.5,-0.0005
10.100,199.5,-0.0005
10.120,199.5,-0.0005
10.140,199.5,-0.0005
10.160,199.5,-0.0005
10.180,200.5,-0.0005
10.200,200.5,-0.0005
10.220,200.5,-0.0006
10.240,201.5,-0.0006
10.260,201.5,-0.0006
10.280,203.5,-0.0006
10.300,204.4,-0.0006
10.320,205.4,-0.0005
10.340,206.4,-0.0004
10.360,206.4,-0.0003
10.380,207.4,-0.0003
10.400,207.4,-0.0003
10.420,208.3,-0.0003
10.440,208.3,-0.0003
10.460,208.3,-0.0004
10.480,208.3,-0.0004
10.500,207.4,-0.0004
10.520,207.4,-0.0005
10.540,206.4,-0.0005
10.560,206.4,-0.0005
10.580,204.4,-0.0005
10.600,203.5,-0.0004
10.620,201.5,-0.0003
10.640,201.5,-0.0002
10.660,200.5,-0.0002
10.680,200.5,-0.0001
10.700,200.5,-0.0002
10.720,199.5,-0.0002
10.740,200.5,-0.0002
10.760,199.5,-0.0002
10.780,199.5,-0.0002
10.800,199.5,-0.0003
10.820,201.5,-0.0004
10.840,201.5,-0.0004
10.860,202.5,-0.0004
10.880,203.5,-0.0004
10.900,204.4,-0.0004
10.920,205.4,-0.0003
10.940,206.4,-0.0003
10.960,207.4,-0.0003
10.980,207.4,-0.0003
11.000,207.4,-0.0003
11.020,207.4,-0.0003
11.040,207.4,-0.0003
11.060,207.4,-0.0003
11.080,208.3,-0.0003
11.100,207.4,-0.0003
11.120,207.4,-0.0004
11.140,206.4,-0.0004
11.160,205.4,-0.0004
11.180,204.4,-0.0004
11.200,204.4,-0.0005
11.220,203.5,-0.0006
11.240,202.5,-0.0006
11.260,201.5,-0.0005
11.280,200.5,-0.0005
11.300,200.5,-0.0004
11.320,200.5,-0.0003
11.340,200.5,-0.0003
11.360,199.5,-0.0003
11.380,200.5,-0.0004
11.400,200.5,-0.0004
11.420,200.5,-0.0004
11.440,200.5,-0.0004
11.460,202.5,-0.0005
11.480,203.5,-0.0006
11.500,205.4,-0.0007
11.520,205.4,-0.0007
11.540,206.4,-0.0006
11.560,206.4,-0.0006
11.580,207.4,-0.0005
11.600,208.3,-0.0005
11.620,209.3,-0.0005
11.640,208.3,-0.0005
11.660,208.3,-0.0005
11.680,208.3,-0.0005
11.700,208.3,-0.0005
11.720,207.4,-0.0006
11.740,207.4,-0.0006
11.760,206.4,-0.0006
11.780,205.4,-0.0006
11.800,204.4,-0.0006
11.820,202.5,-0.0006
11.840,202.5,-0.0006
11.860,201.5,-0.0007
11.880,201.5,-0.0007
11.900,201.5,-0.0007
11.920,200.5,-0.0006
11.940,200.5,-0.0006
11.960,200.5,-0.0005
11.980,200.5,-0.0005
12.000,200.5,-0.0004
12.020,201.5,-0.0004
12.040,202.5,-0.0004
12.060,203.5,-0.0004
12.080,203.5,-0.0004
12.100,204.4,-0.0004
12.120,205.4,-0.0004
12.140,206.4,-0.0005
12.160,207.4,-0.0006
12.180,207.4,-0.0006
12.200,207.4,-0.0006
12.220,208.3,-0.0005
12.240,208.3,-0.0004
12.260,209.3,-0.0003
12.280,209.3,-0.0002
12.300,209.3,-0.0002
12.320,208.3,-0.0003
12.340,207.4,-0.0004
12.360,206.4,-0.0004
12.380,205.4,-0.0004
12.400,205.4,-0.0004
12.420,204.4,-0.0004
12.440,203.5,-0.0004
12.460,202.5,-0.0004
12.480,201.5,-0.0004
12.500,201.5,-0.0004
12.520,201.5,-0.0004
12.540,200.5,-0.0004
12.560,200.5,-0.0004
12.580,200.5,-0.0004
12.600,200.5,-0.0003
12.620,201.5,-0.0002
12.640,202.5,-0.0002
12.660,203.5,-0.0002
12.680,204.4,-0.0002
12.700,205.4,-0.0002
12.720,206.4,-0.0002
12.740,206.4,-0.0002
12.760,207.4,-0.0002
12.780,208.3,-0.0003
12.800,208.3,-0.0003
12.820,209.3,-0.0004
12.840,209.3,-0.0004
12.860,209.3,-0.0004
12.880,208.3,-0.0004
12.900,209.3,-0.0003
12.920,208.3,-0.0002
12.940,208.3,-0.0002
12.960,207.4,-0.0002
12.980,206.4,-0.0002
13.000,205.4,-0.0003
13.020,204.4,-0.0003
13.040,203.5,-0.0003
13.060,203.5,-0.0003
13.080,203.5,-0.0004
13.100,202.5,-0.0004
13.120,202.5,-0.0004
13.140,201.5,-0.0005
13.160,201.5,-0.0005
13.180,201.5,-0.0005
13.200,202.5,-0.0004
13.220,202.5,-0.0004
13.240,203.5,-0.0004
13.260,204.4,-0.0004
13.280,204.4,-0.0004
13.300,206.4,-0.0004
13.320,206.4,-0.0004
13.340,207.4,-0.0004
13.360,208.3,-0.0005
13.380,208.3,-0.0005
13.400,209.3,-0.0005
13.420,210.3,-0.0005
13.440,210.3,-0.0005
13.460,211.3,-0.0006
13.480,210.3,-0.0006
13.500,210.3,-0.0006
13.520,209.3,-0.0006
13.540,208.3,-0.0006
13.560,208.3,-0.0006
13.580,207.4,-0.0005
13.600,207.4,-0.0004
13.620,205.4,-0.0004
13.640,204.4,-0.0004
13.660,204.4,-0.0005
13.680,203.5,-0.0005
13.700,203.5,-0.0006
13.720,203.5,-0.0006
13.740,202.5,-0.0006
13.760,202.5,-0.0006
13.780,202.5,-0.0006
13.800,203.5,-0.0006
13.820,204.4,-0.0006
13.840,205.4,-0.0006
13.860,206.4,-0.0006
13.880,206.4,-0.0005
13.900,207.4,-0.0005
13.920,208.3,-0.0005
13.940,208.3,-0.0005
13.960,209.3,-0.0005
13.980,210.3,-0.0005
14.000,211.3,-0.0005
14.020,211.3,-0.0005
14.040,211.3,-0.0005
14.060,211.3,-0.0005
14.080,211.3,-0.0005
14.100,211.3,-0.0005
14.120,211.3,-0.0005
14.140,210.3,-0.0005
14.160,209.3,-0.0005
14.180,208.3,-0.0005
14.200,208.3,-0.0005
14.220,207.4,-0.0005
14.240,207.4,-0.0004
14.260,206.4,-0.0003
14.280,206.4,-0.0003
14.300,205.4,-0.0003
14.320,204.4,-0.0003
14.340,204.4,-0.0004
14.360,205.4,-0.0004
14.380,204.4,-0.0003
14.400,205.4,-0.0003
14.420,205.4,-0.0004
14.440,207.4,-0.0004
14.460,207.4,-0.0004
14.480,208.3,-0.0005
14.500,209.3,-0.0004
14.520,210.3,-0.0003
14.540,210.3,-0.0003
14.560,211.3,-0.0002
14.580,212.2,-0.0001
14.600,213.2,-0.0001
14.620,214.2,-0.0001
14.640,214.2,-0.0002
14.660,214.2,-0.0002
14.680,214.2,-0.0003
14.700,213.2,-0.0003
14.720,212.2,-0.0004
14.740,212.2,-0.0004
14.760,212.2,-0.0004
14.780,211.3,-0.0003
14.800,210.3,-0.0003
14.820,209.3,-0.0003
14.840,209.3,-0.0003
14.860,208.3,-0.0003
14.880,208.3,-0.0003
14.900,207.4,-0.0003
14.920,207.4,-0.0003
14.940,207.4,-0.0003
14.960,207.4,-0.0003
14.980,208.3,-0.0003
15.000,208.3,-0.0003
15.020,209.3,-0.0003
15.040,210.3,-0.0003
15.060,210.3,-0.0003
15.080,211.3,-0.0004
15.100,212.2,-0.0004
15.120,213.2,-0.0004
15.140,214.2,-0.0005
15.160,215.2,-0.0004
15.180,215.2,-0.0004
15.200,216.1,-0.0003
15.220,216.1,-0.0003
15.240,216.1,-0.0002
15.260,217.1,-0.0003
15.280,217.1,-0.0003
15.300,216.1,-0.0003
15.320,216.1,-0.0004
15.340,215.2,-0.0004
15.360,214.2,-0.0005
15.380,214.2,-0.0006
15.400,213.2,-0.0006
15.420,213.2,-0.0006
15.440,212.2,-0.0006
15.460,211.3,-0.0005
15.480,210.3,-0.0005
15.500,210.3,-0.0004
15.520,210.3,-0.0004
15.540,210.3,-0.0004
15.560,210.3,-0.0005
15.580,211.3,-0.0005
15.600,211.3,-0.0005
15.620,212.2,-0.0005
15.640,213.2,-0.0005
15.660,214.2,-0.0005
15.680,216.1,-0.0005
15.700,216.1,-0.0005
15.720,217.1,-0.0006
15.740,217.1,-0.0006
15.760,219.1,-0.0006
15.780,219.1,-0.0006
15.800,220.1,-0.0006
15.820,220.1,-0.0005
15.840,220.1,-0.0005
15.860,220.1,-0.0005
15.880,219.1,-0.0004
15.900,219.1,-0.0004
15.920,219.1,-0.0004
15.940,218.1,-0.0004
15.960,218.1,-0.0004
15.980,217.1,-0.0004
16.000,216.1,-0.0005
16.020,216.1,-0.0005
16.040,215.2,-0.0005
16.060,215.2,-0.0006
16.080,214.2,-0.0006
16.100,214.2,-0.0006
16.120,214.2,-0.0005
16.140,214.2,-0.0004
16.160,215.2,-0.0003
16.180,216.1,-0.0003
16.200,216.1,-0.0003
16.220,217.1,-0.0003
16.240,217.1,-0.0004
16.260,218.1,-0.0004
16.280,219.1,-0.0004
16.300,220.1,-0.0003
16.320,221.0,-0.0003
16.340,222.0,-0.0004
16.360,223.0,-0.0004
16.380,224.0,-0.0004
16.400,224.0,-0.0004
16.420,224.9,-0.0004
16.440,224.9,-0.0004
16.460,224.9,-0.0003
16.480,224.0,-0.0003
16.500,223.0,-0.0002
16.520,223.0,-0.0002
16.540,223.0,-0.0002
16.560,222.0,-0.0002
16.580,222.0,-0.0002
16.600,220.1,-0.0002
16.620,220.1,-0.0002
16.640,219.1,-0.0002
16.660,219.1,-0.0002
16.680,219.1,-0.0003
16.700,219.1,-0.0003
16.720,219.1,-0.0004
16.740,220.1,-0.0004
16.760,220.1,-0.0004
16.780,221.0,-0.0003
16.800,222.0,-0.0003
16.820,223.0,-0.0002
16.840,224.0,-0.0001
16.860,224.9,-0.0002
16.880,225.9,-0.0002
16.900,226.9,-0.0002
16.920,227.9,-0.0002
16.940,228.8,-0.0002
16.960,228.8,-0.0002
16.980,229.8,-0.0003
17.000,229.8,-0.0003
17.020,229.8,-0.0003
17.040,229.8,-0.0004
17.060,230.8,-0.0004
17.080,229.8,-0.0004
17.100,229.8,-0.0003
17.120,228.8,-0.0003
17.140,228.8,-0.0003
17.160,227.9,-0.0003
17.180,227.9,-0.0003
17.200,226.9,-0.0003
17.220,226.9,-0.0003
17.240,226.9,-0.0003
17.260,226.9,-0.0004
17.280,226.9,-0.0004
17.300,227.9,-0.0004
17.320,227.9,-0.0005
17.340,228.8,-0.0005
17.360,228.8,-0.0005
17.380,229.8,-0.0006
17.400,231.8,-0.0006
17.420,232.8,-0.0006
17.440,233.7,-0.0005
17.460,235.7,-0.0005
17.480,235.7,-0.0004
17.500,237.6,-0.0004
17.520,238.6,-0.0004
17.540,239.6,-0.0004
17.560,239.6,-0.0004
17.580,240.6,-0.0004
17.600,240.6,-0.0005
17.620,240.6,-0.0005
17.640,240.6,-0.0005
17.660,240.6,-0.0005
17.680,240.6,-0.0005
17.700,240.6,-0.0006
17.720,239.6,-0.0006
17.740,239.6,-0.0006
17.760,239.6,-0.0005
17.780,239.6,-0.0004
17.800,240.6,-0.0004
17.820,240.6,-0.0004
17.840,241.5,-0.0004
17.860,242.5,-0.0004
17.880,243.5,-0.0004
17.900,245.4,-0.0005
17.920,246.4,-0.0005
17.940,248.4,-0.0005
17.960,250.3,-0.0006
17.980,252.3,-0.0006
18.000,254.2,-0.0005
18.020,256.2,-0.0005
18.040,259.1,-0.0005
18.060,261.1,-0.0005
18.080,264.0,-0.0005
18.100,266.0,-0.0004
18.120,267.9,-0.0004
18.140,269.9,-0.0003
18.160,271.8,-0.0003
18.180,273.8,-0.0003
18.200,274.7,-0.0003
18.220,276.7,-0.0003
18.240,278.6,-0.0003
18.260,281.6,-0.0003
18.280,283.5,-0.0003
18.300,285.5,-0.0003
18.320,288.4,-0.0004
18.340,292.3,-0.0004
18.360,297.2,-0.0004
18.380,304.0,-0.0004
18.400,308.9,-0.0003
18.420,313.8,-0.0002
18.440,319.7,-0.0002
18.460,329.4,-0.0001
18.480,339.2,-0.0001
18.500,349.9,-0.0001
18.520,359.7,-0.0001
18.540,370.4,-0.0001
18.560,385.1,-0.0001
18.580,403.6,-0.0002
18.600,418.3,-0.0002
18.620,429.0,-0.0003
18.640,441.7,-0.0003
18.660,462.2,-0.0002
18.680,488.6,-0.0002
18.700,513.0,-0.0001
18.720,537.4,-0.0001
18.740,565.8,0.0000
18.760,601.9,0.0000
18.780,640.0,0.0000
18.800,677.1,0.0000
18.820,684.9,0.0000
18.840,674.2,0.0000
18.860,703.5,0.0001
18.880,743.5,0.0001
18.900,728.8,0.0000
18.920,689.8,0.0000
18.940,673.2,0.0000
18.960,666.3,-0.0001
18.980,638.0,-0.0001
19.000,614.6,-0.0002
19.020,648.8,-0.0001
19.040,708.3,-0.0001
19.060,682.0,-0.0001
19.080,599.9,-0.0001
19.100,602.9,0.0000
19.120,710.3,0.0001
19.140,766.9,0.0001
19.160,779.6,0.0000
19.180,783.5,0.0000
19.200,726.9,-0.0001
19.220,659.5,-0.0001
19.240,657.6,-0.0002
19.260,678.1,-0.0002
19.280,667.3,-0.0003
19.300,634.1,-0.0003
19.320,603.8,-0.0004
19.340,575.5,-0.0004
19.360,578.5,-0.0003
19.380,661.5,-0.0001
19.400,807.0,-0.0001
19.420,834.3,-0.0001
19.440,748.4,-0.0001
19.460,698.6,-0.0002
19.480,698.6,-0.0002
19.500,699.5,-0.0002
19.520,679.0,-0.0002
19.540,666.3,-0.0002
19.560,647.8,-0.0002
19.580,603.8,-0.0003
19.600,548.2,-0.0003
19.620,577.5,-0.0003
19.640,683.9,-0.0003
19.660,750.3,-0.0003
19.680,742.5,-0.0003
19.700,694.7,-0.0002
19.720,703.5,-0.0002
19.740,750.3,-0.0001
19.760,773.8,-0.0001
19.780,724.0,-0.0001
19.800,668.3,-0.0002
19.820,651.7,-0.0002
19.840,641.9,-0.0003
19.860,621.4,-0.0003
19.880,573.6,-0.0003
19.900,562.8,-0.0003
19.920,605.8,-0.0003
19.940,659.5,-0.0003
19.960,702.5,-0.0003
19.980,769.9,-0.0003
20.000,823.6,-0.0002
20.020,784.5,-0.0002
20.040,705.4,-0.0002
20.060,697.6,0.0000
20.080,754.2,0.0000
20.100,730.8,0.0000
20.120,626.3,-0.0001
20.140,534.5,-0.0001
20.160,498.4,-0.0001
20.180,521.8,-0.0001
20.200,610.7,-0.0001
20.220,724.0,0.0000
20.240,769.9,0.0000
20.260,753.3,-0.0001
20.280,715.2,-0.0001
20.300,741.5,-0.0001
20.320,803.1,0.0000
20.340,827.5,0.0000
20.360,748.4,0.0000
20.380,622.4,0.0000
20.400,552.1,0.0000
20.420,550.1,0.0000
20.440,587.2,0.0000
20.460,603.8,0.0000
20.480,596.0,0.0000
20.500,593.1,0.0000
20.520,654.6,0.0000
20.540,755.2,0.0001
20.560,844.1,0.0001
20.580,834.3,0.0000
20.600,768.9,0.0000
20.620,729.8,-0.0001
20.640,744.5,0.0000
20.660,741.5,-0.0001
20.680,654.6,-0.0001
20.700,542.3,-0.0001
20.720,477.9,0.0000
20.740,477.9,0.0000
20.760,537.4,0.0001
20.780,645.8,0.0001
20.800,730.8,0.0001
20.820,752.3,0.0001
20.840,782.6,0.0001
20.860,846.0,0.0001
20.880,870.4,0.0001
20.900,811.9,0.0000
20.920,721.0,-0.0001
20.940,653.6,-0.0002
20.960,601.9,-0.0002
20.980,555.0,-0.0002
21.000,524.7,-0.0001
21.020,516.9,-0.0001
21.040,508.1,0.0000
21.060,552.1,0.0000
21.080,694.7,0.0001
21.100,821.6,0.0001
21.120,814.8,0.0000
21.140,763.0,-0.0001
21.160,788.4,-0.0001
21.180,840.2,-0.0001
21.200,807.9,-0.0002
21.220,705.4,-0.0002
21.240,613.6,-0.0003
21.260,552.1,-0.0003
21.280,523.8,-0.0004
21.300,518.9,-0.0004
21.320,519.9,-0.0003
21.340,532.6,-0.0003
21.360,599.9,-0.0002
21.380,744.5,-0.0001
21.400,847.0,-0.0001
21.420,814.8,-0.0001
21.440,776.7,-0.0001
21.460,824.5,0.0000
21.480,850.9,-0.0001
21.500,768.9,-0.0002
21.520,652.7,-0.0003
21.540,566.7,-0.0003
21.560,514.0,-0.0004
21.580,487.6,-0.0004
21.600,500.3,-0.0004
21.620,543.3,-0.0003
21.640,593.1,-0.0003
21.660,668.3,-0.0001
21.680,776.7,0.0000
21.700,827.5,0.0000
21.720,798.2,-0.0001
21.740,804.0,-0.0001
21.760,835.3,-0.0001
21.780,784.5,-0.0002
21.800,699.5,-0.0002
21.820,643.9,-0.0003
21.840,581.4,-0.0004
21.860,509.1,-0.0004
21.880,480.8,-0.0004
21.900,522.8,-0.0004
21.920,563.8,-0.0003
21.940,573.6,-0.0003
21.960,635.1,-0.0002
21.980,779.6,-0.0001
22.000,846.0,-0.0001
22.020,796.2,-0.0001
22.040,790.4,0.0000
22.060,838.2,0.0000
22.080,799.2,0.0000
22.100,701.5,0.0000
22.120,624.4,-0.0001
22.140,558.9,-0.0001
22.160,504.2,-0.0002
22.180,481.8,-0.0002
22.200,495.4,-0.0002
22.220,532.6,-0.0002
22.240,600.9,-0.0002
22.260,698.6,-0.0001
22.280,780.6,0.0000
22.300,799.2,0.0000
22.320,795.3,0.0001
22.340,805.0,0.0001
22.360,803.1,0.0001
22.380,765.0,0.0001
22.400,704.4,0.0000
22.420,630.2,0.0000
22.440,551.1,-0.0001
22.460,498.4,-0.0001
22.480,497.4,-0.0001
22.500,530.6,-0.0001
22.520,545.3,-0.0001
22.540,553.1,-0.0002
22.560,642.9,-0.0001
22.580,782.6,0.0000
22.600,794.3,0.0000
22.620,748.4,0.0001
22.640,806.0,0.0001
22.660,857.8,0.0001
22.680,775.7,0.0001
22.700,687.8,0.0001
22.720,636.1,0.0000
22.740,573.6,0.0000
22.760,507.2,0.0000
22.780,478.8,0.0000
22.800,495.4,0.0000
22.820,519.9,-0.0001
22.840,556.0,-0.0001
22.860,652.7,0.0000
22.880,758.1,0.0000
22.900,776.7,-0.0001
22.920,769.9,0.0000
22.940,800.1,0.0000
22.960,802.1,0.0000
22.980,759.1,0.0000
23.000,718.1,0.0000
23.020,650.7,0.0000
23.040,564.8,-0.0001
23.060,510.1,-0.0001
23.080,509.1,-0.0002
23.100,527.7,-0.0002
23.120,512.0,-0.0002
23.140,499.4,-0.0002
23.160,586.3,-0.0002
23.180,742.5,-0.0002
23.200,771.8,-0.0002
23.220,710.3,-0.0003
23.240,761.1,-0.0002
23.260,845.1,-0.0001
23.280,800.1,-0.0001
23.300,722.0,-0.0001
23.320,669.3,-0.0001
23.340,603.8,-0.0002
23.360,532.6,-0.0002
23.380,491.5,-0.0002
23.400,495.4,-0.0002
23.420,508.1,-0.0003
23.440,507.2,-0.0003
23.460,555.0,-0.0002
23.480,692.7,-0.0002
23.500,767.9,-0.0002
23.520,725.9,-0.0003
23.540,740.6,-0.0002
23.560,811.9,-0.0002
23.580,796.2,-0.0002
23.600,731.8,-0.0002
23.620,685.9,-0.0002
23.640,616.5,-0.0002
23.660,544.3,-0.0002
23.680,515.0,-0.0003
23.700,529.6,-0.0003
23.720,522.8,-0.0003
23.740,478.8,-0.0004
23.760,485.7,-0.0003
23.780,622.4,-0.0002
23.800,750.3,-0.0002
23.820,712.2,-0.0003
23.840,691.7,-0.0003
23.860,784.5,-0.0002
23.880,815.8,-0.0003
23.900,757.2,-0.0002
23.920,723.0,-0.0002
23.940,661.5,-0.0002
23.960,574.5,-0.0002
23.980,519.9,-0.0001
24.000,511.1,-0.0001
24.020,513.0,-0.0001
24.040,485.7,-0.0002
24.060,467.1,-0.0002
24.080,544.3,-0.0001
24.100,705.4,0.0000
24.120,742.5,-0.0001
24.140,676.1,-0.0002
24.160,713.2,-0.0001
24.180,807.9,-0.0001
24.200,794.3,-0.0001
24.220,721.0,-0.0001
24.240,673.2,0.0000
24.260,614.6,0.0000
24.280,555.0,0.0000
24.300,522.8,-0.0001
24.320,529.6,0.0000
24.340,514.0,-0.0001
24.360,462.2,-0.0001
24.380,464.2,-0.0001
24.400,592.1,0.0000
24.420,720.1,0.0000
24.440,690.8,-0.0001
24.460,661.5,0.0000
24.480,752.3,0.0000
24.500,811.9,0.0000
24.520,767.9,0.0000
24.540,714.2,0.0000
24.560,652.7,0.0000
24.580,583.3,-0.0001
24.600,541.3,0.0000
24.620,528.6,0.0000
24.640,513.0,0.0000
24.660,466.1,0.0000
24.680,438.8,0.0000
24.700,508.1,0.0001
24.720,663.4,0.0001
24.740,709.3,0.0001
24.760,641.0,0.0000
24.780,666.3,0.0000
24.800,775.7,0.0000
24.820,796.2,-0.0001
24.840,726.9,-0.0001
24.860,675.1,-0.0001
24.880,631.2,-0.0001
24.900,578.5,-0.0001
24.920,540.4,0.0000
24.940,537.4,0.0000
24.960,516.0,-0.0001
24.980,451.5,-0.0001
25.000,429.0,-0.0001
25.020,525.7,-0.0001
25.040,668.3,-0.0001
25.060,670.3,-0.0002
25.080,615.6,-0.0002
25.100,687.8,-0.0001
25.120,799.2,-0.0001
25.140,786.5,-0.0002
25.160,707.4,-0.0002
25.180,655.6,-0.0002
25.200,617.5,-0.0002
25.220,576.5,-0.0002
25.240,544.3,-0.0002
25.260,520.8,-0.0002
25.280,474.9,-0.0003
25.300,432.0,-0.0003
25.320,458.3,-0.0002
25.340,579.4,-0.0001
25.360,666.3,-0.0001
25.380,624.4,-0.0002
25.400,606.8,-0.0002
25.420,706.4,-0.0002
25.440,789.4,-0.0002
25.460,746.4,-0.0003
25.480,682.0,-0.0003
25.500,651.7,-0.0003
25.520,621.4,-0.0003
25.540,577.5,-0.0003
25.560,554.0,-0.0002
25.580,526.7,-0.0002
25.600,461.3,-0.0003
25.620,418.3,-0.0003
25.640,466.1,-0.0003
25.660,583.3,-0.0002
25.680,629.2,-0.0003
25.700,586.3,-0.0003
25.720,618.5,-0.0002
25.740,744.5,-0.0002
25.760,785.5,-0.0003
25.780,713.2,-0.0003
25.800,672.2,-0.0003
25.820,657.6,-0.0003
25.840,618.5,-0.0003
25.860,571.6,-0.0002
25.880,546.2,-0.0002
25.900,509.1,-0.0003
25.920,446.6,-0.0003
25.940,426.1,-0.0002
25.960,493.5,-0.0002
25.980,593.1,-0.0001
26.000,600.9,-0.0002
26.020,559.9,-0.0001
26.040,617.5,-0.0001
26.060,744.5,-0.0001
26.080,752.3,-0.0001
26.100,684.9,-0.0002
26.120,674.2,-0.0002
26.140,675.1,-0.0002
26.160,628.3,-0.0002
26.180,579.4,-0.0002
26.200,551.1,-0.0001
26.220,500.3,-0.0001
26.240,439.8,-0.0001
26.260,432.9,-0.0001
26.280,493.5,-0.0001
26.300,558.9,-0.0001
26.320,560.9,-0.0001
26.340,558.9,-0.0001
26.360,644.9,0.0000
26.380,744.5,0.0000
26.400,723.0,0.0000
26.420,673.2,-0.0001
26.440,678.1,-0.0001
26.460,674.2,-0.0001
26.480,626.3,-0.0001
26.500,583.3,-0.0001
26.520,548.2,0.0000
26.540,492.5,0.0000
26.560,444.7,0.0000
26.580,453.5,0.0000
26.600,508.1,0.0000
26.620,539.4,0.0000
26.640,522.8,0.0000
26.660,542.3,0.0000
26.680,643.9,0.0000
26.700,718.1,0.0000
26.720,685.9,0.0000
26.740,669.3,0.0000
26.760,703.5,0.0000
26.780,688.8,-0.0001
26.800,629.2,-0.0001
26.820,592.1,-0.0001
26.840,555.0,-0.0001
26.860,495.4,-0.0001
26.880,452.5,-0.0001
26.900,458.3,-0.0001
26.920,490.6,-0.0001
26.940,503.3,-0.0001
26.960,504.2,-0.0001
26.980,555.0,-0.0001
27.000,652.7,-0.0001
27.020,691.7,-0.0001
27.040,656.6,-0.0001
27.060,663.4,-0.0001
27.080,703.5,-0.0001
27.100,683.9,-0.0002
27.120,635.1,-0.0003
27.140,603.8,-0.0002
27.160,558.9,-0.0002
27.180,503.3,-0.0002
27.200,473.0,-0.0002
27.220,479.8,-0.0001
27.240,491.5,-0.0002
27.260,476.9,-0.0002
27.280,474.9,-0.0002
27.300,537.4,-0.0002
27.320,629.2,-0.0002
27.340,654.6,-0.0003
27.360,638.0,-0.0003
27.380,674.2,-0.0003
27.400,717.1,-0.0003
27.420,688.8,-0.0003
27.440,643.9,-0.0003
27.460,614.6,-0.0003
27.480,566.7,-0.0003
27.500,515.0,-0.0003
27.520,488.6,-0.0003
27.540,483.7,-0.0003
27.560,474.0,-0.0003
27.580,455.4,-0.0003
27.600,470.1,-0.0003
27.620,545.3,-0.0003
27.640,618.5,-0.0002
27.660,620.4,-0.0003
27.680,609.7,-0.0003
27.700,658.5,-0.0002
27.720,708.3,-0.0002
27.740,687.8,-0.0003
27.760,655.6,-0.0003
27.780,631.2,-0.0003
27.800,584.3,-0.0003
27.820,534.5,-0.0003
27.840,510.1,-0.0003
27.860,502.3,-0.0002
27.880,477.9,-0.0002
27.900,442.7,-0.0002
27.920,444.7,-0.0002
27.940,510.1,-0.0001
27.960,586.3,-0.0001
27.980,599.9,-0.0002
28.000,596.0,-0.0002
28.020,649.7,-0.0002
28.040,707.4,-0.0002
28.060,692.7,-0.0002
28.080,653.6,-0.0002
28.100,633.1,-0.0002
28.120,604.8,-0.0001
28.140,559.9,-0.0001
28.160,525.7,-0.0001
28.180,504.2,-0.0001
28.200,474.9,-0.0001
28.220,444.7,-0.0001
28.240,448.6,-0.0001
28.260,502.3,-0.0001
28.280,559.9,0.0000
28.300,566.7,-0.0001
28.320,564.8,-0.0001
28.340,618.5,0.0000
28.360,688.8,0.0000
28.380,690.8,0.0000
28.400,662.4,0.0000
28.420,650.7,0.0000
28.440,623.4,0.0000
28.460,579.4,0.0000
28.480,551.1,0.0000
28.500,529.6,0.0000
28.520,488.6,0.0000
28.540,442.7,0.0000
28.560,432.9,0.0000
28.580,470.1,0.0000
28.600,524.7,0.0000
28.620,548.2,0.0000
28.640,554.0,0.0000
28.660,598.0,0.0000
28.680,664.4,0.0000
28.700,676.1,-0.0001
28.720,653.6,-0.0001
28.740,649.7,-0.0001
28.760,643.9,-0.0001
28.780,605.8,0.0000
28.800,567.7,0.0000
28.820,541.3,0.0000
28.840,505.2,-0.0001
28.860,461.3,-0.0001
28.880,444.7,-0.0001
28.900,468.1,-0.0001
28.920,500.3,-0.0001
28.940,508.1,-0.0001
28.960,510.1,-0.0001
28.980,559.9,-0.0001
29.000,639.0,-0.0001
29.020,666.3,-0.0001
29.040,648.8,-0.0002
29.060,651.7,-0.0001
29.080,656.6,-0.0002
29.100,628.3,-0.0002
29.120,592.1,-0.0002
29.140,566.7,-0.0002
29.160,528.6,-0.0002
29.180,477.9,-0.0002
29.200,444.7,-0.0002
29.220,449.5,-0.0002
29.240,478.8,-0.0002
29.260,498.4,-0.0002
29.280,504.2,-0.0003
29.300,529.6,-0.0003
29.320,592.1,-0.0003
29.340,640.0,-0.0003
29.360,637.0,-0.0003
29.380,636.1,-0.0003
29.400,658.5,-0.0003
29.420,655.6,-0.0003
29.440,615.6,-0.0003
29.460,579.4,-0.0003
29.480,551.1,-0.0003
29.500,513.0,-0.0003
29.520,475.9,-0.0003
29.540,463.2,-0.0003
29.560,467.1,-0.0003
29.580,466.1,-0.0003
29.600,465.2,-0.0003
29.620,495.4,-0.0003
29.640,561.9,-0.0003
29.660,615.6,-0.0003
29.680,622.4,-0.0003
29.700,621.4,-0.0003
29.720,647.8,-0.0002
29.740,663.4,-0.0002
29.760,641.0,-0.0002
29.780,606.8,-0.0002
29.800,574.5,-0.0002
29.820,535.5,-0.0002
29.840,494.5,-0.0002
29.860,471.0,-0.0002
29.880,470.1,-0.0002
29.900,471.0,-0.0002
29.920,465.2,-0.0003
29.940,472.0,-0.0002
29.960,512.0,-0.0002
29.980,568.7,-0.0002
